CIRCLE: (3.000000, 3.000000), 3.000000, (255, 0, 0)
ELLIPSE: (-3.000000, 3.000000), 5.000000, 6.000000, 60.000000, (0, 247, 98)
PARABOLA: (4.000000, -4.000000), (0.000000, 0.000000), (-4.000000, -4.000000), (136, 14, 100)
FILLCOLOR: (114, 94),(255, 0, 0)
