CIRCLE: 3.000000, 3.000000, 3.000000, (249, 11, 108)
ELLIPSE: -3.000000, 3.000000, 5.000000, 6.000000, 60.000000, (246, 247, 98)
PARABOLA: 4.000000, -4.000000, 0.000000, 0.000000, -4.000000, -4.000000, (136, 14, 100)
FILLCOLOR: 114, 94,(173, 13, 12)
FILLCOLOR: -77, 55,(11, 240, 164)
FILLCOLOR: 35, 94,(122, 8, 143)
FILLCOLOR: -23, -27,(199, 242, 2)
