CIRCLE: 5.000000, 4.000000, 3.000000, (0, 0, 0)
FILLCOLOR: 121, 87,(237, 241, 73)
