CIRCLE: 5.000000, 4.000000, 3.000000, (0, 0, 0)
FILLCOLOR: 149, 55,(0, 0, 0)
CIRCLE: -5.000000, 4.000000, 3.000000, (0, 0, 0)
FILLCOLOR: -121, 138,(226, 14, 42)
